46125
290052
1076594
1076592
438
1076596
52689
52694
2374
29552
61635
2148
2150
38986
228419
72556
1389639
85698
905
187327
1111120
563191
1203555
1765967
160660
53635
523
526
33059
930
33075
472056
33998
80867
862720
232721
358220
187868
470
106648
471
202952
106649
134534
29430
40214
40215
28090
106654
1148157
134533
48296
40216
108981
487316
1144661
1144662
1144673
202955
202956
108980
52133
478107
340345
720
51048
123820
716
1634035
202789
46204
65511
46203
111803
566001
79909
1038904
1658
181487
52767
66228
52769
55565
52770
1659
544581
114702
156892
52773
1655
33007
1660
544580
111015
131110
29317
1203556
936548
121163
131111
103621
1656
402650
304901
59505
190146
299567
529703
446660
101385
87541
1376
51665
219314
1871063
648
196024
591962
651
600645
70856
648794
645
633415
633417
654
56946
182262
732
739
1077255
1176649
82789
153730
88373
41986
1746608
293890
239935
511
191295
84485
1113723
1113895
84500
264027
1450
392016
392015
545533
214856
626932
1118061
328813
28117
1288121
328814
908612
1755610
650643
1465754
94136
99907
286730
351052
400390
265981
208226
461876
174709
1652
671218
76122
356828
419015
744985
692370
28108
153491
83263
81467
42838
1449
76021
129921
31959
33910
287986
342230
52271
97477
13335
179995
42448
33029
33032
1287640
54007
33034
33036
33037
1527
52787
214853
156456
167964
161493
404589
447217
2088
118967
82375
264463
645466
105841
649756
665937
169435
82374
770
948
225988
33934
1490051
1586267
69279
89772
190
279446
332411
28264
149017
131112
28197
255507
28198
28199
944547
86104
370776
498055
551760
638
656366
1670
37928
1665
1071850
290399
887349
887358
994609
163874
156980
118562
394340
229545
2153
78587
39487
1381
1382
1383
1111121
82135
269774
370622
424757
401562
62928
748247
34027
146939
403962
193
528244
270345
1221450
371036
1445
427920
29332
1392
209458
1452
220685
1456
1069813
246272
308892
421767
1413
1396
1397
79879
79880
33932
209460
1402860
135735
718002
86664
105229
574375
79882
86665
930124
127886
79883
246786
324767
284581
199441
1467
1402
449215
682179
1418
189381
1404
171685
1405
1793963
115979
86668
220687
38875
290588
228576
79885
1407
1408
85683
157838
659243
1478
1479
220688
1409
666686
521462
521463
985664
882128
1128614
1460639
1811976
171686
1113735
1113737
1113741
1113748
1113588
1423
35841
1428
218284
202269
85831
376804
47678
246787
626929
310298
387090
151276
357276
28111
871325
674529
338188
626930
817
376806
477666
290053
28113
329854
1297750
204516
291645
626931
28116
732242
384638
310297
392838
310300
1133319
691816
376805
291644
671267
469585
457387
469586
469588
469590
469592
469593
457392
457394
457395
107580
214858
1755604
1755607
871324
46506
818
820
821
371601
28119
487174
397865
807
803
1472345
959
453816
133189
1015
543913
260337
638619
1680
1683
28025
1684
762212
1681
78343
1685
1686
35760
1687
1688
1689
78342
1691
216816
78345
1693
518643
28026
1694
78448
983706
78346
762210
158787
705309
762211
246618
33905
356829
693988
35833
28158
28161
624186
1532
536633
1322
53443
89014
40520
33035
180164
521
518
53254
43669
219301
47847
173362
1746632
84379
84377
84378
52584
1355477
29448
375
722472
43992
44255
55210
55214
1488214
1488215
1393
54913
54915
417948
234835
225845
1698
31943
1703
53363
479117
34097
74314
74316
370977
74311
293
74329
588932
98512
1113824
74313
41276
2756
29459
29461
9
118748
292
87883
28450
640510
640511
1097668
1515439
469610
501571
544644
544645
45851
831
185008
43305
293647
911092
44256
717609
133453
693075
373054
187145
410330
166485
195
199
200
196
824
28898
76517
198
197
201
202
203
204
28080
827
1211813
1041504
511435
673862
203907
251535
658062
1406512
1291540
1229909
1002672
198252
337315
37692
669502
362787
332163
1017
45242
1018
44737
1019
54265
249402
2718
1073423
147709
2751
208596
33978
270498
53366
100886
304895
43997
69396
69395
88688
1766719
1708
156981
979
29360
425254
1710
1746653
155077
180915
180163
188913
217162
363953
1737446
1411119
1419482
536979
79329
83555
458033
1092
152260
1108
480224
51
626937
536
42055
442388
266748
452084
1416778
246
1124835
713588
192389
412438
236814
373672
250
421525
1453492
254
266749
395933
216903
421058
551459
59733
445961
510955
1071862
1721091
373668
307480
1416779
947013
309797
454171
57706
546
545
28447
508460
237258
1070699
457421
1496
84022
76489
1488
358742
33953
1121298
333367
1551
84023
1561
1520
208479
1491
1492
1529
1530
36834
29354
29355
1521
1493
29356
46867
358743
288965
1531
69824
179628
36835
1495
238834
1533
1497
94869
89152
36844
48256
89153
69825
1522
1499
1534
1535
1538
33954
1539
35785
84026
39489
36847
1542
1544
1450648
29362
29363
46609
1501
1502
69208
29364
28446
29367
1503
99675
36850
169679
341225
84030
36745
29369
84031
29347
1504
1506
457396
1507
649724
755731
556261
908340
1226325
411489
1105031
411484
1042156
29370
29348
1509
1549
1510
1550
1512
39493
29371
1559
1513
29372
84032
150336
219748
1519
1267
47246
29375
1302690
477675
64178
74426
147207
147206
626935
28229
225991
265291
290309
225992
792637
673548
32013
285
153493
191495
100884
469596
556262
1099853
116085
410072
33043
751585
1078091
1078090
108819
395922
184914
1111135
33871
85317
38284
38286
1697
43765
163202
169292
161896
160386
234828
53374
1717
61592
38287
38288
187491
39791
1718
1404244
1223514
156978
38289
161879
161889
349751
43768
38301
38302
43769
37637
38303
598660
1724
258224
43990
1487956
1078764
1859290
1859291
191493
185761
1705
43770
161902
136857
38304
302449
43771
1727
1725
1452487
184607
413501
28141
1118202
84163
80871
119219
106590
248026
164546
395387
69373
86182
115748
385025
990
471499
259537
281362
1131462
1147129
61435
552810
68909
502394
1299
795097
80866
742013
882162
180282
146817
214852
36740
1203568
203699
82801
90728
36854
233055
49338
60893
894
899
52561
2358
66849
564288
83661
90730
885581
79209
1563
58138
102134
58134
58135
59610
1564
58137
58180
876
44742
879
32016
901
54565
593401
881
57664
288995
46914
470028
218538
309120
39950
308994
487173
204038
37915
29394
39486
88431
1168034
365489
94254
408657
45254
156974
1346286
163665
390884
1263550
84112
665943
502558
31973
539
238
423605
247
305900
1027273
1137799
225324
215803
1118060
1164945
548
61645
69218
550
158836
539813
1329817
469613
693444
57732
33945
37734
44008
1355
44009
53345
1351
1352
1353
160453
1354
246144
71451
155617
53346
71452
1356
671266
294935
421072
191577
88132
79967
215689
1547
1648
457422
658657
658659
552396
469614
208962
562
564
565
253239
1731
39480
1528
35517
53442
39482
39484
31971
39485
290055
39488
56774
1736
1732
97253
39490
39491
51123
39492
457402
1827101
143393
1737
39494
39496
39497
39498
360911
1113786
178214
137730
82347
87650
853
1755626
1323
39483
236753
121039
209649
97393
28122
833
143361
29374
1260
29528
1442385
1202724
271155
245
362413
55197
490189
946677
554283
996
416016
370979
370974
468056
1124188
99286
229204
206041
551990
991
986
180441
1520671
29533
96345
344881
1337839
1611423
415425
178356
292800
103
998
999
191579
1121830
28110
1859
298653
81475
651822
157463
220714
396812
134605
849
850
858
859
851
852
860
861
856
2702
102127
1173025
150240
1379
29391
84135
404900
669359
114
173480
745368
1462
471223
581103
1422
33940
153151
1203471
28232
46610
1277350
443143
35554
115783
351604
1070870
1861
472113
225196
44676
379071
122
13076
136093
1416614
33072
102232
33996
318683
442
1113584
37930
410332
337191
2055
471189
1556
307521
454600
309411
411153
46124
137732
940615
444608
366616
726
727
735
729
736
738
249188
1078480
569
158327
80816
2350
52229
1570
97084
660517
306540
447567
77097
223527
74661
44933
28252
29573
119000
77098
1329370
42565
379597
1707394
91458
1113696
1113908
579160
202267
44935
1198324
31909
210998
1498
40091
72026
241555
37372
56877
123841
29419
213
361872
214
215
32025
216
217
95149
35818
210
279277
211
50960
157268
35701
35700
211589
863372
964
204773
70996
180311
2724
1121961
731
1735
61171
1211819
35839
154046
243629
65657
65655
85993
714549
80880
334424
53398
1427356
717785
83
81032
74319
467976
1381080
112009
591197
89093
467094
933068
167642
392593
171674
80876
261299
128
319054
53458
290400
55508
29581
1206085
504487
110845
157228
43995
428712
331992
1630
92945
84634
1134687
571
573
749535
244366
73098
37923
71999
72000
1272
694315
1288125
436
1177712
343332
221066
547058
363277
33946
1391654
217067
37482
1211639
1644115
467210
936594
140626
66219
658081
658655
742723
658082
665950
658086
552395
658085
658089
658083
658087
665951
658088
1600
89059
1579
1601
105612
1602
83683
1603
1604
1605
227943
307126
1606
375175
1505723
943673
1580
1581
483012
381742
480931
1582
181675
287844
1610
47770
1138822
28038
1584
51664
179838
137357
417373
483011
386879
1612
390841
1613
679249
1614
104955
164393
1462575
52242
1596
227942
399370
60519
267633
304207
1587
1588
1203033
33961
468911
147802
148604
151781
109790
33959
267818
481722
237446
637971
148814
53444
1618
88233
97478
1622
305793
480930
303241
1632
481720
866801
47493
171523
152331
1597
240427
390842
83526
872327
1589
1590
449659
35787
1598
47715
1623
228229
1599
1624
1625
931533
259059
396268
81857
931534
1593
1465514
1465521
520080
520083
520085
1113997
1114022
1114031
1114117
1113625
216463
152335
508451
381741
227945
1633
194326
57037
1363
1358
1494461
1364
1365
1366
1665536
1113946
1113973
341220
168471
683041
47671
29546
45064
449
45067
450
446
45076
256847
1173264
29506
34029
40542
157692
157688
157691
157687
272210
283878
491918
1079994
55969
1252
33964
1251
1244
1246
1245
70995
70997
1639
88874
1086703
309788
1293441
28031
33935
202611
1844653
1844654
1421
582475
1638982
84531
346182
69966
884684
1124597
55518
84159
252966
75985
157673
429344
99379
247637
570161
191770
236100
2743
135739
1113802
48076
293552
936476
400668
1028
1006
397278
168384
453817
437897
158847
491921
217219
39029
907
187326
1111454
52022
1134405
33970
216874
2151
28224
335020
71433
39645
28104
381
489722
593909
69974
1113632
392018
39441
294671
66851
83816
2173
644281
83986
420950
1080712
1077256
2317
475088
2189
511746
72022
105560
405
406
415
270351
408
315478
427683
31998
426117
118999
89768
298794
414
187303
1177755
271065
702114
421
754476
45393
17
349221
33883
36805
104336
199592
1746950
1336204
1270
1747005
574650
405557
1126
630515
39595
47863
1027
670292
670291
217168
57480
264148
52226
2051
2052
477641
158849
114527
114528
86332
936375
35519
86333
202604
1525
34059
346665
480
34061
60442
90241
34062
582
90736
452286
994622
111501
76636
1764
78331
37916
1767
53462
1795
431269
164757
1273686
547163
36741
2115
2128
136241
29501
2098
2100
2121
28227
2123
171291
51365
256
53461
1869182
889268
375929
595693
326522
267212
493
483
484
485
486
496
487
488
29434
490
28449
28091
1236906
37922
302044
225325
417220
417221
417223
225327
64002
522298
354356
550983
390877
269261
204799
261292
330214
28077
1824
184756
135487
300029
134984
236511
37330
1823
45979
589391
464168
1463824
419477
96468
238964
433660
1817596
1843
1747013
196162
171690
220378
53437
53440
1519494
239974
416001
331648
1032476
137662
103690
1750713
189
48935
13688
273168
158500
76978
48936
381706
182710
582851
529
94625
425341
1113602
1113622
571255
626933
28118
1247
93680
688867
90245
138595
133926
604330
100379
107709
46469
796943
237576
652706
1288636
28251
482564
272129
1226322
1226323
351091
253245
847
36848
171404
44250
170367
46240
1126833
160799
446369
59843
126569
189425
1464
1401
948756
61624
1472
1406
359917
58172
1870819
385406
862114
171398
171402
171400
171399
1495568
1870820
1236974
324057
1113614
1113617
1590651
481743
1146890
159743
369333
421768
1133364
268407
1505
486407
83868
185300
93220
445709
549
553
665913
592316
66269
100176
871327
823
328812
574930
387661
46503
469591
563193
660537
765414
134536
984307
148447
311230
36873
1490
1571207
525640
266
184748
53463
81396
792640
90742
1113669
147645
327856
623280
454154
454155
78258
487175
626947
33033
1768242
86956
349096
554
1254
480391
319652
187452
51663
319653
1255
331679
151894
475253
34086
475254
687842
984
564835
475255
1122943
1411316
1113770
47497
47498
29542
19
225195
29543
304
2741
1258
755172
507750
54005
33030
54006
33031
907224
411570
1175452
1033744
1111134
1827099
701529
1436965
755171
1261
119854
341694
392589
69499
626940
98513
266125
284016
555313
38293
1113712
574560
547188
28101
125
1678308
414778
192421
703
313598
991904
576610
515897
557332
1123045
1112
28123
501496
36874
36875
41976
29524
393921
28124
837
266762
28114
28115
322095
712438
281920
434086
82985
1477506
77768
419005
596085
305719
242750
28125
77095
28126
28127
165179
28128
52227
589537
28129
28130
76123
589436
470565
28131
840
439703
189722
28132
189723
282402
310514
425941
28133
28134
28135
185293
28136
60133
185294
407975
839
633701
228604
589437
228603
1134563
652716
712469
363265
386414
28137
745311
1219
314319
470823
88382
1747
33010
1744
33011
1750
1203571
33012
86958
86959
48467
48466
294710
183417
584
102862
585
126385
516074
333962
587
516075
1034636
588
927669
82654
874454
327939
228
152297
35825
46206
272239
106588
287
43263
101564
47877
587753
53408
658457
47879
882211
29435
706570
294
296
47880
1608996
256466
132476
163011
86185
243924
300
76759
301
254161
157782
70775
380021
122355
303
53412
472181
1708783
100584
1661032
1661049
1661050
1661055
1661059
452680
191298
316
317
47884
86265
33069
1608994
271420
551276
367279
75291
54010
240495
29401
709987
33909
1397368
60912
566023
721033
1848
1095914
113287
994649
64971
38322
989403
415229
176598
126157
219742
334543
330922
112002
1113707
1113709
349106
154108
45610
57029
1007105
638849
29292
401654
741091
190721
329
305
54291
1341696
672157
1646
67576
1550609
173990
368811
1411123
240521
29449
1535242
796924
78527
666685
418646
1075
1061
1062
1063
367336
34017
38310
43767
1833
1828
33008
223392
132919
99653
103816
334542
1829
1830
300028
1066
81479
28066
192843
987056
1069
1071
200616
1410330
444923
1085
35805
33992
34085
28139
373994
252307
180332
1537
301302
301301
166486
360807
120962
357808
452982
1452450
204934
257708
207340
1054996
172042
2047
43675
85336
85338
1646377
119
89524
28068
42256
49319
540746
451374
1515
867
552398
1264
40518
40519
1161942
592978
1265
33038
46228
41978
457412
169061
1671366
1095771
33039
101070
241244
106
456493
231053
982
319644
40988
208085
908941
146919
157225
680283
470866
1304158
351187
168695
503170
54736
28901
927083
524288
60920
60921
1008
1005741
78259
230143
360056
55507
826
426421
398037
671224
416586
135082
86957
135083
971
69823
247333
614
615
104623
322505
38313
62322
558541
552357
70863
24
621
623
624
1776082
563
352475
177972
63745
265429
83561
72
466153
37927
110321
1648232
498718
84109
255723
84110
572010
626934
187101
40543
63612
253256
76853
254408
363832
995
102148
2057
1131703
1131707
1411150
34103
34087
1010
28454
743722
999468
1113609
1113650
86193
135719
365341
121428
13690
93063
40681
407019
330920
529705
59803
179878
392409
93064
68569
40682
28213
13689
257003
33051
194867
745310
195097
1549858
53317
160791
117207
33050
33052
614671
1335757
1123914
147
55206
216931
2137
216932
216933
2139
216934
216935
216936
216937
216940
216941
216943
301585
216945
2145
216947
108
54311
454602
35751
44749
33026
269670
582850
1476
359365
470832
1571
283811
1280
29380
1282
246432
1283
1290
1285
28035
283734
29385
1296
1286
1292
1288
94
217070
128780
517011
405444
266128
40324
83617
676599
487698
216778
405446
465721
1842136
796942
1162717
34105
1326
1311
29389
1328
113107
76860
1333
45634
1334
1336
1335
1345
315405
1302
254785
102684
68892
1338
150055
59310
313439
229549
28037
1309
1303
114652
1318
197614
68891
82348
1313
257758
1314
1341
1304
1305
1310
1105032
435842
1169673
1156433
1385386
1385389
1307
1308
1077464
1349
149016
1343
67269
1888
1894
42235
29303
53446
68188
1902
67296
285535
1908
1911
68219
1914
44032
35621
1963
1464077
68259
1927
159449
452529
1463836
1463837
1463840
1609137
1463864
1463870
1463889
1463908
1463910
1463921
470842
68274
67368
284042
66377
284041
2002
665956
214851
626938
83771
28034
649841
39766
748811
57666
194424
66821
387093
437898
282125
234908
40545
2734
32046
110662
321327
195253
195250
32051
84588
927677
2754
457415
375750
51197
84037
2082
402877
863
316277
28112
84590
34071
104268
499229
285106
288769
203471
64973
586416
361277
249
36841
1541
1689449
51669
187493
33058
85643
85874
73919
94009
863643
583357
496866
1516
166501
483545
53422
161156
86166
28262
29539
500
28195
1054217
291990
2421
46541
2337
1449080
540988
37636
274
1033854
931
12934
285109
339866
926
125614
92487
43143
79681
43131
43948
150829
225004
81028
163
158
53418
51160
53435
164
88058
174922
53419
152
167
69710
140314
1111983
1206
2039
59561
1661
47312
57704
29321
154288
29510
29361
392736
134821
2130
367742
51173
218144
2738
81947
2739
519472
184870
1177728
1177732
34073
1775536
665118
39777
248316
103891
39778
29466
103892
457416
450749
1203593
671228
671229
1110546
2736
663
512649
666
685
71388
669
674
670
184755
212663
672
170661
1755629
1482
202261
163877
1113909
470860
470861
470863
263476
263475
45465
1169913
574963
137591
1583
467997
1615
165096
1249
521157
1114042
1114067
1629
1195760
66084
844
29447
339
456327
347
290109
290112
630
632
29485
360055
1264899
350
542
